0.949091
0.942662
0.93325
0.928159
0.923385
0.922244
0.920958
0.919344
0.91885
0.918091
0.916812
0.913688
0.909438
0.909318
0.909141
0.908456
0.907262
0.906443
0.906262
0.905031
0.903515
0.90297
0.902595
0.895142
0.894745
0.893757
0.893395
0.89249
0.89203
0.891643
0.891486
0.891193
0.890583
0.890323
0.887163
0.884882
0.882358
0.881075
0.88017
0.878987
0.876782
0.874589
0.873536
0.873319
0.872259
0.871928
0.871542
0.871469
0.869262
0.869104
0.867778
0.866869
0.866586
0.866327
0.862702
0.862113
0.860032
0.859884
0.859667
0.859446
0.858707
0.857553
0.855544
0.85548
0.853865
0.852733
0.852578
0.852167
0.85137
0.85014
0.848698
0.848386
0.848384
0.847179
0.845503
0.845108
0.844201
0.843518
0.842679
0.842539
0.842103
0.841533
0.841261
0.837812
0.836712
0.836619
0.83659
0.836167
0.83537
0.834664
0.833649
0.833275
0.833084
0.831861
0.831131
0.830741
0.829776
0.829581
0.829452
0.829449
0.829089
0.828965
0.827784
0.827305
0.826773
0.826547
0.825349
0.825298
0.824822
0.824718
0.824689
0.823376
0.823286
0.822233
0.821721
0.820923
0.82082
0.817733
0.817724
0.817596
0.817557
0.817324
0.816785
0.814374
0.813472
0.812521
0.812033
0.811877
0.811426
0.810871
0.808607
0.808492
0.807819
0.807816
0.805472
0.804763
0.804528
0.803303
0.803173
0.801648
0.801609
0.801572
0.800831
0.800253
0.799713
0.799106
0.798457
0.797892
0.796251
0.795803
0.795606
0.795465
0.794507
0.793124
0.793123
0.793109
0.792646
0.791415
0.790591
0.790266
0.786627
0.78598
0.78597
0.785904
0.785722
0.785341
0.784188
0.784136
0.783731
0.783721
0.783707
0.781241
0.78108
0.780746
0.780652
0.780545
0.780226
0.780088
0.778765
0.778091
0.776811
0.776366
0.774886
0.774418
0.773911
0.773608
0.773317
0.772648
0.771363
0.771218
0.770367
0.770315
0.770037
0.769913
0.769079
0.767681
0.763812
0.7632
0.762574
0.761823
0.761505
0.761122
0.76024
0.759453
0.75942
0.759222
0.758497
0.757008
0.756948
0.755985
0.755213
0.753839
0.753709
0.752656
0.752471
0.752393
0.752393
0.751052
0.750058
0.74983
0.749569
0.749356
0.748807
0.748008
0.747525
0.746029
0.745897
0.745895
0.74483
0.744802
0.743828
0.741904
0.740574
0.737599
0.736077
0.735572
0.735471
0.734851
0.734625
0.730326
0.729961
0.729222
0.728378
0.726794
0.726478
0.726429
0.722614
0.721975
0.721155
0.720637
0.720614
0.720516
0.720513
0.720437
0.719303
0.719057
0.717993
0.717197
0.717029
0.716362
0.714677
0.711865
0.711466
0.708195
0.706129
0.704819
0.703768
0.70317
0.701157
0.700668
0.699294
0.698086
0.696774
0.695079
0.694811
0.691997
0.691317
0.690564
0.6895
0.689415
0.688627
0.687264
0.683686
0.682731
0.682559
0.681539
0.680541
0.67979
0.679683
0.679307
0.676425
0.676032
0.675796
0.672804
0.6702
0.670062
0.669118
0.668727
0.667688
0.667632
0.665231
0.665132
0.662341
0.662095
0.661655
0.661207
0.660979
0.660902
0.660869
0.660709
0.660517
0.658478
0.657042
0.656952
0.655513
0.654921
0.654677
0.654088
0.651891
0.651595
0.650294
0.649929
0.646903
0.646802
0.645499
0.645398
0.644512
0.641285
0.640571
0.638456
0.637921
0.637137
0.635738
0.633337
0.630874
0.627397
0.626991
0.625337
0.624765
0.62263
0.618631
0.618551
0.614635
0.6127
0.610343
0.60853
0.605259
0.603947
0.602361
0.601447
0.597412
0.594701
0.590521
0.586132
0.575639
0.574927
0.574204
0.573938
0.568966
0.568544
0.559858
0.558451
0.555017
0.555011
0.55353
0.553159
0.551739
0.550299
0.547758
0.540843
0.540699
0.534962
0.533644
0.529363
0.525467
0.51779
0.510832
0.503915
0.475551
0.475035
0.473786
0.471697
0.461371
0.456308
0.444256
0.433558
0.424993
0.409987
0.408577
0.407715
0.40357
0.358343
0.34251
0.326659
0.27802
-1
-1
-1
-1
-1
-1
-1
-1
-1
-1
-1
-1
-1
-1
-1
-1
-1
-1
-1
-1
-1
-1
-1
-1
-1
-1
-1
-1
-1
-1
-1
-1
-1
-1
-1
-1
-1
-1
-1
-1
-1
-1
-1
-1
-1
-1
-1
-1
-1
-1
-1
-1
-1
-1
-1
-1
-1
-1
-1
-1
-1
-1
-1
-1
-1
-1
-1
-1
-1
-1
-1
-1
-1
-1
-1
-1
-1
-1
-1
-1
-1
-1
-1
-1
-1
-1
-1
-1
-1
-1
-1
-1
-1
-1
-1
-1
-1
-1
-1
-1
-1
-1
-1
-1
-1
-1
-1
-1
-1
-1
-1
-1
-1
-1
-1
-1
-1
-1
-1
-1
-1
-1
-1
-1
-1
-1
-1
-1
-1
-1
-1
-1
-1
-1
-1
-1
-1
-1
-1
-1
-1
-1
-1
-1
-1
-1
-1
-1
-1
-1
-1
-1
-1
-1
-1
-1
-1
-1
-1
-1
-1
-1
-1
-1
-1
-1
-1
-1
-1
-1
-1
-1
-1
-1
-1
-1
-1
-1
-1
-1
-1
-1
-1
-1
-1
-1
-1
-1
-1
-1
-1
-1
-1
-1
-1
-1
-1
-1
-1
-1
-1
-1
-1
-1
-1
