0.262863
0.241961
0.212062
0.198093
0.194994
0.178114
0.164116
0.154016
0.153337
0.152608
0.140904
0.137533
0.134718
0.133045
0.130582
0.127457
0.11866
0.115586
0.11328
0.111061
0.107967
0.107857
0.105894
0.104206
0.101809
0.100961
0.0999984
0.098645
0.0982801
0.0969976
0.0954428
0.0879352
0.0873473
0.0846767
0.082158
0.0789531
0.0715983
0.0683065
0.067101
0.0630898
0.0620877
0.0594365
0.0587835
0.0573068
0.0565928
0.0556165
0.055136
0.0521757
0.0511583
0.0476611
0.0469972
0.0467908
0.0467141
0.0466173
0.0437062
0.0436463
0.0432334
0.0426658
0.0416853
0.0412068
0.0411559
0.0396285
0.0392513
0.0392472
0.039151
0.039135
0.0363865
0.0362555
0.0356686
0.0355899
0.0353497
0.0347901
0.0340503
0.033773
0.0335043
0.0332627
0.0331642
0.0329969
0.0318788
0.0307255
0.0294878
0.0294464
0.0292413
0.0288338
0.0287747
0.0276618
0.0274461
0.0258895
0.0257972
0.0257622
0.0246003
0.0243651
0.0242668
0.0202496
0.0200616
0.0195373
0.0193978
0.0189538
0.018924
0.0188522
0.017145
0.0161419
0.0161348
0.0160492
0.0143325
0.0139174
0.013048
0.0127041
0.0125609
0.0112865
0.00910313
0.00851645
0.00786206
0.00706316
0.00419366
0.00379385
0.00354122
0.00279226
0.00185173
0.0016394
0.000120577
-8.68475e-05
-0.000309862
-0.000313336
-0.000403803
-0.001019
-0.0026288
-0.003455
-0.00365868
-0.00582945
-0.00604394
-0.00688468
-0.00772575
-0.00860206
-0.00886436
-0.00991397
-0.0106338
-0.0111498
-0.0137709
-0.014319
-0.0148777
-0.015407
-0.016266
-0.0163007
-0.0163079
-0.0169396
-0.0177359
-0.0188509
-0.018947
-0.0200231
-0.0202937
-0.0203395
-0.0217384
-0.0220875
-0.0230525
-0.0231217
-0.0236338
-0.0238844
-0.024024
-0.0250029
-0.0253349
-0.0254489
-0.0255191
-0.0260394
-0.0276714
-0.0278522
-0.0285076
-0.029774
-0.0305442
-0.030866
-0.0309915
-0.0311161
-0.0322819
-0.033576
-0.0344837
-0.0345538
-0.0348276
-0.0349694
-0.0353772
-0.0364139
-0.0375078
-0.037958
-0.0386891
-0.0387745
-0.039216
-0.0393187
-0.0406258
-0.040846
-0.0411948
-0.0412401
-0.0424545
-0.0430862
-0.0433224
-0.0442845
-0.0454387
-0.0472734
-0.0484812
-0.0488958
-0.0493204
-0.0498583
-0.0503121
-0.0521755
-0.0526273
-0.0526955
-0.0540348
-0.0540953
-0.0555129
-0.0570529
-0.0577924
-0.0589052
-0.0590951
-0.0598112
-0.0608865
-0.0621409
-0.0629225
-0.064982
-0.0666216
-0.0678488
-0.0692038
-0.0694297
-0.0701375
-0.0705338
-0.0749595
-0.0777381
-0.0806465
-0.0814171
-0.0841271
-0.084679
-0.085761
-0.0858049
-0.0879961
-0.0890583
-0.089125
-0.0898853
-0.0901177
-0.0903667
-0.0940081
-0.0953644
-0.0984966
-0.0996481
-0.100904
-0.104277
-0.104569
-0.109382
-0.115485
-0.11605
-0.126714
-0.128257
-0.128684
-0.129501
-0.130042
-0.131444
-0.132377
-0.132894
-0.136373
-0.178294
-1
-1
-1
-1
-1
-1
-1
-1
-1
-1
-1
-1
-1
-1
-1
-1
-1
-1
-1
-1
-1
-1
-1
-1
-1
-1
-1
-1
-1
-1
-1
-1
-1
-1
-1
-1
-1
-1
-1
-1
-1
-1
-1
-1
-1
-1
-1
-1
-1
-1
-1
-1
-1
-1
-1
-1
-1
-1
-1
-1
-1
-1
-1
-1
-1
-1
-1
-1
-1
-1
-1
-1
-1
-1
-1
-1
-1
-1
-1
-1
-1
-1
-1
-1
-1
-1
-1
-1
-1
-1
-1
-1
-1
-1
-1
-1
-1
-1
-1
-1
-1
-1
-1
-1
-1
-1
-1
-1
-1
-1
-1
-1
-1
-1
-1
-1
-1
-1
-1
-1
-1
-1
-1
-1
-1
-1
-1
-1
-1
-1
-1
-1
-1
-1
-1
-1
-1
-1
-1
-1
-1
-1
