0.949091
0.942662
0.93325
0.931472
0.929078
0.923385
0.921258
0.920958
0.91885
0.918091
0.916812
0.913688
0.909438
0.909318
0.909141
0.908456
0.907262
0.906965
0.906443
0.906262
0.903515
0.90297
0.902595
0.902401
0.898635
0.89767
0.895142
0.894745
0.894456
0.893757
0.893395
0.89249
0.89203
0.891643
0.891486
0.890583
0.890323
0.889365
0.887163
0.884536
0.881075
0.88017
0.880094
0.879646
0.87962
0.879532
0.878987
0.87803
0.877606
0.877317
0.876782
0.874589
0.873536
0.873319
0.872511
0.871605
0.871542
0.871469
0.869104
0.868682
0.868564
0.867843
0.867778
0.866869
0.866586
0.866327
0.865918
0.865048
0.863539
0.863084
0.862702
0.862113
0.860721
0.860565
0.860032
0.859884
0.859667
0.859446
0.858757
0.857606
0.855544
0.85548
0.853865
0.853325
0.852733
0.852578
0.852167
0.849517
0.848698
0.848646
0.848384
0.847179
0.846761
0.845503
0.845108
0.844368
0.844201
0.843518
0.842679
0.842539
0.842433
0.842108
0.842103
0.841533
0.841261
0.840016
0.839492
0.837812
0.836712
0.836619
0.83659
0.83537
0.834664
0.833649
0.833275
0.833241
0.833084
0.832299
0.831861
0.831519
0.831131
0.830741
0.829776
0.829581
0.829452
0.829449
0.82873
0.828479
0.827784
0.827305
0.826773
0.825856
0.825482
0.825298
0.824822
0.824718
0.823376
0.823286
0.822233
0.82179
0.821721
0.820923
0.82082
0.81954
0.817733
0.817724
0.817596
0.817557
0.817324
0.817313
0.816697
0.816695
0.816397
0.815044
0.815009
0.814655
0.814374
0.813835
0.812521
0.81239
0.811877
0.811426
0.810871
0.808607
0.808111
0.807816
0.80685
0.806119
0.805542
0.805472
0.805398
0.804763
0.804528
0.803885
0.803716
0.803714
0.803303
0.803173
0.801868
0.801609
0.801572
0.800866
0.800831
0.800253
0.799713
0.799709
0.799106
0.798457
0.797892
0.79789
0.79677
0.796251
0.795971
0.795803
0.795606
0.795465
0.794507
0.793124
0.793123
0.793109
0.793045
0.792646
0.792351
0.791415
0.791388
0.790591
0.790569
0.790266
0.790054
0.787736
0.786627
0.78598
0.785904
0.785722
0.785341
0.784188
0.784136
0.783731
0.783707
0.781964
0.781735
0.781241
0.78108
0.780746
0.780226
0.780088
0.778765
0.776811
0.776366
0.774886
0.774418
0.773911
0.773608
0.773317
0.772648
0.771363
0.771218
0.770367
0.770315
0.770037
0.769913
0.76955
0.769079
0.766707
0.765909
0.764035
0.763812
0.762574
0.761823
0.761505
0.761122
0.761105
0.76024
0.760166
0.759453
0.75942
0.759222
0.757672
0.757083
0.757008
0.756948
0.755985
0.753709
0.752656
0.752393
0.752393
0.751052
0.74983
0.749356
0.748807
0.748691
0.748008
0.747525
0.746418
0.746416
0.746096
0.745897
0.74483
0.744802
0.743828
0.741904
0.740574
0.737599
0.7373
0.737087
0.736143
0.736077
0.735866
0.735471
0.734851
0.734625
0.734614
0.73461
0.730326
0.729961
0.726848
0.726478
0.726429
0.725377
0.723811
0.723565
0.722614
0.721975
0.721049
0.720516
0.720437
0.720332
0.719303
0.719057
0.717993
0.71731
0.717197
0.717029
0.714677
0.711865
0.711656
0.711026
0.710875
0.708195
0.706915
0.706554
0.706518
0.706315
0.705486
0.704819
0.703768
0.703624
0.70317
0.702834
0.701157
0.700668
0.699294
0.697707
0.696774
0.696599
0.696524
0.695322
0.695079
0.694811
0.690976
0.690564
0.6895
0.689415
0.688937
0.688658
0.688627
0.687264
0.687171
0.686919
0.686291
0.683686
0.682559
0.681539
0.680541
0.67979
0.679683
0.679481
0.679307
0.678956
0.676656
0.676032
0.675796
0.673399
0.6702
0.670062
0.66985
0.669118
0.668727
0.667688
0.667632
0.667327
0.666968
0.665231
0.665132
0.662341
0.662095
0.661655
0.661571
0.661207
0.660979
0.660902
0.660869
0.660709
0.660517
0.66027
0.659674
0.658478
0.65728
0.657042
0.656952
0.655513
0.654921
0.654088
0.651891
0.651595
0.650294
0.649929
0.646903
0.646802
0.645398
0.644512
0.644457
0.644277
0.642282
0.641833
0.639093
0.638772
0.637137
0.636399
0.635738
0.635485
0.633337
0.6277
0.627397
0.626991
0.625337
0.624912
0.62263
0.614635
0.612571
0.610343
0.605259
0.603947
0.603135
0.602361
0.601447
0.594701
0.59294
0.590521
0.586132
0.578944
0.575711
0.575639
0.574927
0.574204
0.571
0.570525
0.568966
0.568754
0.568544
0.559858
0.558451
0.555142
0.555017
0.55353
0.553159
0.551739
0.550299
0.550279
0.547758
0.546173
0.542198
0.540843
0.534962
0.533644
0.529363
0.51779
0.512778
0.510832
0.506442
0.503915
0.503754
0.497913
0.493718
0.491364
0.490899
0.489052
0.482547
0.475551
0.473786
0.471697
0.461371
0.456308
0.444256
0.424993
0.409987
0.408577
0.407715
0.40357
0.391356
0.380118
0.358343
0.34251
0.341572
0.326659
0.309132
0.27802
0.266665
