0.340972
0.30878
0.263337
0.262863
0.241961
0.217532
0.212062
0.2103
0.198093
0.196762
0.195195
0.194994
0.178114
0.172483
0.168927
0.164309
0.164116
0.154016
0.153337
0.152608
0.142398
0.140904
0.137533
0.134718
0.134349
0.133045
0.131428
0.130582
0.130547
0.127457
0.11866
0.115586
0.11328
0.111061
0.107967
0.107857
0.105894
0.104206
0.103964
0.101809
0.100961
0.100302
0.0999984
0.098645
0.0982801
0.0969976
0.0954428
0.0940828
0.0884994
0.0879356
0.0879352
0.0873473
0.0868043
0.0858587
0.0846767
0.0821641
0.082158
0.0810728
0.0789531
0.0751861
0.0726015
0.0725629
0.0719616
0.0715983
0.0699663
0.0683065
0.067101
0.066603
0.0651677
0.0630898
0.0621272
0.0620877
0.0620553
0.061571
0.0604776
0.059473
0.0594365
0.0587835
0.0581442
0.0580394
0.0573068
0.0568851
0.0565928
0.0562632
0.0556165
0.0554893
0.055136
0.0535276
0.0528745
0.0521757
0.0520419
0.0512008
0.0511583
0.0502947
0.0487872
0.0480657
0.0476611
0.0474456
0.0469972
0.0467908
0.0467141
0.0466807
0.0466173
0.0453326
0.0451567
0.0440639
0.0437062
0.0436463
0.0432334
0.042754
0.0426658
0.0426273
0.0416853
0.0414939
0.0412068
0.0411559
0.0408301
0.0406453
0.0401049
0.0396285
0.039506
0.0394531
0.0392513
0.0392472
0.039151
0.039135
0.0387711
0.0379478
0.0363865
0.0362555
0.0359723
0.0359344
0.0356686
0.0355899
0.0353497
0.03506
0.0347901
0.0343464
0.0341785
0.0340503
0.033773
0.033656
0.0335043
0.0334627
0.0332627
0.0331642
0.0329969
0.0318788
0.0318534
0.0307255
0.0296742
0.0294878
0.0294464
0.0292413
0.0288338
0.0287747
0.0283398
0.0282326
0.0276618
0.0274461
0.0258895
0.0257972
0.0257903
0.0257622
0.0254441
0.025042
0.0249317
0.0246003
0.0243651
0.0242668
0.0238097
0.0230261
0.0214772
0.0202496
0.0200616
0.0200113
0.0197293
0.0195373
0.0193978
0.0191154
0.0190056
0.0189538
0.018924
0.0188861
0.0188522
0.0183844
0.018294
0.0182129
0.018163
0.0179402
0.0172896
0.017145
0.0161419
0.0161348
0.0160492
0.0159379
0.0158987
0.015182
0.0143325
0.0139174
0.0135129
0.0134605
0.0132054
0.0131173
0.013048
0.0128399
0.0128208
0.0127041
0.0125609
0.0124752
0.0123467
0.0123128
0.0114987
0.0113095
0.0112865
0.0111816
0.0109733
0.0100897
0.00960825
0.00910313
0.00871519
0.00851645
0.00833834
0.00788777
0.00786206
0.00760336
0.00706316
0.00419366
0.00416782
0.00394839
0.00379385
0.00354122
0.00316478
0.00291944
0.00287245
0.0028347
0.00279226
0.00185173
0.00164754
0.0016394
0.00149132
0.000722853
0.000310409
0.000120577
-8.68475e-05
-0.000309862
-0.000313336
-0.000403803
-0.000779803
-0.001019
-0.00108463
-0.00134126
-0.0026288
-0.00322901
-0.003455
-0.00348607
-0.00365868
-0.0040341
-0.00407293
-0.00429464
-0.00445994
-0.00555929
-0.00582945
-0.00604394
-0.00621052
-0.00688468
-0.0069866
-0.00745635
-0.00752072
-0.00772575
-0.00801769
-0.00852092
-0.00860206
-0.00882587
-0.00886436
-0.00888408
-0.00973437
-0.00991397
-0.0100803
-0.0103765
-0.010536
-0.0106338
-0.010681
-0.0111498
-0.0114955
-0.0137709
-0.014319
-0.0148146
-0.0148777
-0.015405
-0.015407
-0.0158095
-0.0158625
-0.016266
-0.0163007
-0.0163079
-0.016526
-0.0169396
-0.0172799
-0.0177359
-0.0179776
-0.0188509
-0.018947
-0.0190383
-0.0197602
-0.0200231
-0.0202937
-0.0203395
-0.0205319
-0.0207305
-0.0211682
-0.0213042
-0.0217384
-0.0218848
-0.0220875
-0.0230525
-0.0231217
-0.0236338
-0.0238844
-0.024024
-0.0240814
-0.0242414
-0.0247944
-0.0250029
-0.0253349
-0.0254489
-0.0255191
-0.0260394
-0.0266117
-0.0276714
-0.0278522
-0.0285076
-0.0288659
-0.0294771
-0.0296329
-0.0297403
-0.029774
-0.0300802
-0.0301834
-0.0305442
-0.0306109
-0.0307236
-0.030866
-0.0309915
-0.0311161
-0.0322819
-0.033576
-0.0340995
-0.0344837
-0.0345538
-0.0345947
-0.0348276
-0.0349694
-0.0353772
-0.0354137
-0.0363495
-0.0364139
-0.0369895
-0.0370303
-0.0371809
-0.0375078
-0.0375322
-0.037958
-0.0382562
-0.0386891
-0.0387745
-0.0389664
-0.039216
-0.0393187
-0.0396296
-0.0404068
-0.0406258
-0.040846
-0.0411948
-0.0412401
-0.041977
-0.0420601
-0.0424545
-0.0426012
-0.0430862
-0.0433224
-0.0440461
-0.0442845
-0.0451167
-0.0454387
-0.0466086
-0.0472734
-0.0479254
-0.0484812
-0.0488426
-0.0488958
-0.0490371
-0.0491069
-0.0493204
-0.04949
-0.0498583
-0.0499275
-0.0503121
-0.0503668
-0.0521347
-0.0521755
-0.0524561
-0.0526273
-0.0526955
-0.053186
-0.0540348
-0.0540953
-0.0541353
-0.0549841
-0.0553346
-0.0553406
-0.0553406
-0.0554557
-0.0555129
-0.0566203
-0.0570529
-0.0576829
-0.0577924
-0.0578135
-0.0589052
-0.0589073
-0.0590951
-0.0591035
-0.0598112
-0.0608865
-0.0612279
-0.0614057
-0.0621409
-0.0624385
-0.0627234
-0.0629225
-0.0645944
-0.064982
-0.0666216
-0.0666534
-0.0675351
-0.0678488
-0.0681399
-0.0683781
-0.0689247
-0.0690417
-0.0692038
-0.0694297
-0.0701375
-0.0705338
-0.0732613
-0.0746324
-0.0749595
-0.0754927
-0.0757506
-0.0767406
-0.0769536
-0.0771295
-0.0773462
-0.0777381
-0.0778919
-0.0794427
-0.0796463
-0.080047
-0.0806465
-0.0814171
-0.0830536
-0.0836152
-0.0841271
-0.084679
-0.085761
-0.0858049
-0.0879961
-0.0885839
-0.0890583
-0.089125
-0.0898853
-0.0901177
-0.0902564
-0.0903667
-0.0940081
-0.0953644
-0.0962315
-0.0984966
-0.0996481
-0.10019
-0.100337
-0.100904
-0.101345
-0.104277
-0.104569
-0.10627
-0.106973
-0.108021
-0.109382
-0.112643
-0.112646
-0.115485
-0.11605
-0.118512
-0.125364
-0.126714
-0.128257
-0.128684
-0.129501
-0.129902
-0.130042
-0.131444
-0.132377
-0.132894
-0.136373
-0.139211
-0.14011
-0.142209
-0.16559
-0.178294
